1024 	1	0.007
65536   1	0.458
524288  1	4.036
1048576	1	6.550
2097152	1	12.482
4194304	1	28.383
8388608	1	50.017
1024 	8	0.007
65536   8	0.485
524288  8	3.057
1048576	8	6.562
2097152	8	14.362
4194304	8	24.537
8388608	8	58.150
1024 	64	0.004
65536   64	0.501
524288  64	3.702
1048576	64	6.455
2097152	64	14.080
4194304	64	28.957
8388608	64	54.703
1024 	128	0.007
65536   128	0.472
524288  128	2.898
1048576	128	5.102
2097152	128	13.521
4194304	128	26.939
8388608	128	57.449
1024 	256	0.008
65536   256	0.449
524288  256	3.627
1048576	256	7.196
2097152	256	12.749
4194304	256	26.788
8388608	256	59.853
1024 	512	0.005
65536   512	0.342
524288  512	3.275
1048576	512	7.545
2097152	512	11.518
4194304	512	22.998
8388608	512	58.506