1024 	1	0.007
65536   1	0.485
524288  1	3.717
1048576	1	6.538
2097152	1	13.052
4194304	1	27.196
8388608	1	50.816
1024 	8	0.007
65536   8	0.493
524288  8	3.216
1048576	8	7.284
2097152	8	13.942
4194304	8	25.821
8388608	8	38.146
1024 	64	0.008
65536   64	0.394
524288  64	4.000
1048576	64	6.318
2097152	64	14.135
4194304	64	26.441
8388608	64	54.391
1024 	128	0.007
65536   128	0.519
524288  128	3.757
1048576	128	6.697
2097152	128	13.444
4194304	128	23.147
8388608	128	50.192
1024 	256	0.007
65536   256	0.514
524288  256	3.694
1048576	256	6.490
2097152	256	14.024
4194304	256	26.788
8388608	256	52.883
1024 	512	0.007
65536   512	0.514
524288  512	3.694
1048576	512	6.490
2097152	512	14.024
4194304	512	26.788
8388608	512	52.883