1024 	1	0.097
65536   1	5.452
524288  1	52.591
1048576	1	108.369
2097152	1	230.723
4194304	1	340.592
8388608	1	427.008
1677216	1	841.460
1024 	8	0.052
65536   8	6.985
524288  8	55.879
1048576	8	102.177
2097152	8	183.396
4194304	8	397.357
8388608	8	922.892
16777216	8	1546.466
1024 	64	0.106
65536   64	6.041
524288  64	51.089.
1048576	64	67.476
2097152	64	223.515
4194304	64	447.030
8388608	64	922.892
16777216	64	1907.320
1024 	128	0.081
65536   128	7.450
524288  128	52.591
1048576	128	111.756
2097152	128	238.415
4194304	128	461.446
8388608	128	1021.775
16777216	128	2043.549
1024 	256	0.106
65536   256	6.574
524288  256	52.591
1048576	256	111.756
2097152	256	246.634
4194304	256	461.446
8388608	256	866.963
16777216	256	1845.785
1024 	512	0.007
65536   512	0.435
524288  512	3.465
1048576	512	6.490
2097152	512	14.024
4194304	512	26.788
8388608	512	52.883